Village_id	Nearest-1	Nearest-2	Nearest-3	Nearest-4
63050101	63050109	
63050102	
63050103	
63050104	
63050105	
63050106	63050107	
63050107	63050106	
63050108	
63050109	63050101	
63050201	63050202	
63050202	63050201	63050207	
63050203	63050204	63050206	63050210	
63050204	63050203	
63050205	63050208	63050410	
63050206	63050203	63050210	
63050207	63050202	
63050208	63050205	63050404	63050410	
63050209	
63050210	63050203	63050206	63050607	
63050301	
63050302	63050304	
63050303	
63050304	63050302	63050316	
63050305	63050306	
63050306	63050305	
63050307	
63050308	63050314	
63050309	
63050310	63050311	63050312	63050315	
63050311	63050310	63050312	
63050312	63050310	63050311	
63050313	
63050314	63050308	
63050315	63050310	
63050316	63050304	
63050401	63050402	63050403	63050409	
63050402	63050401	63050403	63050409	
63050403	63050401	63050402	63050409	
63050404	63050208	63050410	
63050405	63050412	
63050406	63050407	63050408	63050411	
63050407	63050406	63050408	63050411	
63050408	63050406	63050407	63050411	
63050409	63050401	63050402	63050403	
63050410	63050205	63050208	63050404	
63050411	63050406	63050407	63050408	63050412	
63050412	63050405	63050411	
63050501	
63050502	
63050503	
63050504	
63050505	
63050506	63050507	
63050507	63050506	
63050508	63050509	
63050509	63050508	
63050601	63050602	63050609	
63050602	63050601	63050610	
63050603	63050604	63050605	
63050604	63050603	63050605	
63050605	63050603	63050604	
63050606	
63050607	63050210	63050610	
63050608	
63050609	63050601	
63050610	63050602	63050607	
